
AB 00 09 10 19 67 69 66 31 00 40 11 00 00
{0xAB,
0x00, 0x09 
0x10,
0x19 ,          //crc
0x67, 0x69, 0x66, 0x31, 0x00,    //git1
0x40,
0x11,
0x00,
0x00};
AB 00 14 13 27 67 69 66 31 00 40 11 31 00 40 11 11 00 33 12 23 34 45  00
AB 01 F8 13 43 38 30 31 66 30 30 34 30 61 31 63 39 37 39 37 37 33 38 33 30 30 30 36 39 38 38 30 36 38 30 30 36 38 38 30 34 37 30 34 39 30 39 34 65 30 30 36 39 38 39 30 66 38 30 35 30 33 33 30 62 39 66 66 65 37 30 31 34 36 30 31 39 31 63 30 62 31 66 66 65 37 30 31 39 38 30 31 32 38 31 61 64 30 66 66 65 37 30 31 39 38 30 32 32 38 31 63 64 30 66 66 65 37 30 31 39 38 30 33 32 38 31 65 64 30 66 66 65 37 30 31 39 38 30 34 32 38 32 30 64 30 66 66 65 37 30 31 39 38 30 35 32 38 32 32 64 30 66 66 65 37 30 31 39 38 65 65 32 38 32 34 64 30 32 37 65 30 30 36 39 38 38 30 36 38 30 30 36 39 38 30 34 37 30 34 39 30 32 63 65 30 30 36 39 38 38 30 36 38 34 30 36 39 38 30 34 37 30 34 39 30 32 36 65 30 30 36 39 38 38 30 36 38 38 30 36 39 38 30 34 37 30 34 39 30 32 30 65 30 30 36 39 38 38 30 36 38 63 30 36 39 38 30 34 37 30 34 39 30 31 61 65 30 37 37 37 37 37 37 37 37 37 37 37 37 37 37 37 37 37 37 37 37 30 34 39 38 30 30 32 31 63 34 66 32 30 34 30 31 38 38 34 32 33 30 64 31 66 66 65 37 30 34 39 38 34 66 66 34 38 30 37 31 30 31 39 31 66 65 66 37 62 38 66 66 30 34 39 38 30 30 32 31 30 30 66 32 39 61 38 30 30 32 39 39 64 66 65 38 30 31 66 30 30 34 30 61 31 63 39 37 39 37 37 33 38 33 30 30 30 36 39 38 38 30 36 38 30 30 36 38 38 30 34 37 30 34 39 30 39 34 65 30 30 36 39 38 39 30 66 38 30 35 30 33 33 30 62 39 66 66 65 37 30 31 34 36 30 31 39 31 63 30 62 31 66 66 65 37 30 31 39 38 30 31 32 38 31 61 64 30 66 66 65 37 30 31 39 38 30 32 32 38 31 63 64 30 66 66 65 37 30 31 39 38 30 33 32 38 31 65 64 30 66 66 65 37 30 31 39 38 31 39 38

AB 00 00 16 16 